tree
version=v4
num_class=1
num_tree_per_iteration=1
label_index=0
max_feature_idx=7
objective=regression
feature_names=MinTemp MaxTemp Humidity9am Humidity3pm Pressure9am Pressure3pm Temp9am Temp3pm
feature_infos=[-8.1999999999999993:33.899999999999999] [2.6000000000000001:48.100000000000001] [0:100] [0:100] [980.5:1041] [977.10000000000002:1039.5999999999999] [-3.1000000000000001:40.200000000000003] [1.7:46.700000000000003]
tree_sizes=2808 2931 2909 2952 2918 2929 2956 2939 2916 2902 2926 2922 2958 2931 2975 2950 2937 2922 2982 2955

Tree=0
num_leaves=31
num_cat=0
split_feature=2 4 0 3 7 2 3 2 4 3 4 2 4 7 0 7 3 0 7 4 1 0 0 4 1 6 0 1 0 4
split_gain=2005.46 699.51 335.674 331.945 193.396 173.247 161.341 98.3507 78.0637 76.3917 65.6792 65.4734 63.9313 50.867 56.4468 36.6463 34.8258 32.777 31.1013 31.3387 28.0375 27.5352 25.6735 25.6389 22.9665 28.3331 20.921 24.8263 18.791 18.5421
threshold=78.500000000000014 1017.5500000000001 6.9500000000000011 43.500000000000007 16.350000000000005 87.500000000000014 60.500000000000007 67.500000000000014 1010.6500000000002 58.500000000000007 1011.5500000000001 86.500000000000014 1021.5500000000001 13.15 3.9500000000000006 18.750000000000004 78.500000000000014 7.0500000000000007 20.250000000000004 1015.9500000000002 21.350000000000005 11.450000000000001 5.1500000000000012 1011.0500000000001 19.450000000000003 24.850000000000005 3.4500000000000006 17.350000000000005 10.15 1010.7500000000001
decision_type=2 2 2 2 2 2 2 2 2 2 2 2 2 2 2 2 2 2 2 2 2 2 2 2 2 2 2 2 2 2
left_child=3 5 13 18 12 8 15 20 -2 23 -9 -8 26 14 -3 -4 28 -11 19 -1 -6 -12 -14 -7 -10 -26 -5 -28 -13 -19
right_child=1 2 6 4 7 9 11 10 24 17 21 16 22 -15 -16 -17 -18 29 -20 -21 -22 -23 -24 -25 25 -27 27 -29 -30 -31
leaf_value=0.22380171027373336 0.24368156121425527 0.21963554077679587 0.23264682340252754 0.22114095074891013 0.22100997983797069 0.24608301354377438 0.23181342212523257 0.23049481771564367 0.2378341663922158 0.242007256838602 0.21723284263475467 0.23313417109910803 0.21675054683967288 0.21670471501096977 0.23439114087459328 0.22153988336322933 0.24807353767630325 0.25547269380431931 0.21420420682621066 0.21595859682067758 0.21615657157398505 0.22309585505121224 0.22650516536395521 0.23235162293555467 0.22797441533680154 0.24186550346731495 0.23549573175583036 0.22621052783533602 0.24235619408725667 0.24918314170104683
leaf_weight=1749 2354 1754 1067 368 3994 530 2379 2546 1334 1059 2742 970 1002 5176 1028 2443 1577 1960 25755 4686 11671 7426 2064 948 2579 428 3446 910 1283 2914
leaf_count=1749 2354 1754 1067 368 3994 530 2379 2546 1334 1059 2742 970 1002 5176 1028 2443 1577 1960 25755 4686 11671 7426 2064 948 2579 428 3446 910 1283 2914
internal_value=0.223499 0.233876 0.22725 0.218674 0.221961 0.24218 0.233484 0.220046 0.23635 0.247446 0.223313 0.238328 0.22894 0.219635 0.225088 0.224916 0.242375 0.24998 0.214981 0.21809 0.217394 0.221515 0.223317 0.237276 0.232374 0.229952 0.232589 0.233556 0.238386 0.251712
internal_weight=100142 31783 17677 68359 36169 14106 9719 28379 6695 7411 12714 6209 7790 7958 2782 3510 3830 5933 32190 6435 15665 10168 3066 1478 4341 3007 4724 4356 2253 4874
internal_count=100142 31783 17677 68359 36169 14106 9719 28379 6695 7411 12714 6209 7790 7958 2782 3510 3830 5933 32190 6435 15665 10168 3066 1478 4341 3007 4724 4356 2253 4874
is_linear=0
shrinkage=1


Tree=1
num_leaves=31
num_cat=0
split_feature=2 4 3 7 2 0 2 2 4 0 4 0 3 4 7 7 1 0 0 2 0 0 4 0 1 4 0 4 1 3
split_gain=1814.63 634.639 348.086 266.859 175.751 163.593 128.873 100.101 70.5031 64.3728 63.9317 55.7427 52.3227 50.0423 48.4737 35.1123 33.6434 32.9216 32.779 32.4978 31.7095 27.1652 25.946 24.6465 23.9103 23.5058 22.147 21.1299 20.3948 19.6724
threshold=76.500000000000014 1015.7500000000001 60.500000000000007 16.950000000000003 85.500000000000014 5.5500000000000007 65.500000000000014 86.500000000000014 1020.9500000000002 5.8500000000000005 1012.35 9.6500000000000004 55.500000000000007 1009.35 18.750000000000004 16.450000000000003 21.350000000000005 11.250000000000002 11.950000000000001 57.500000000000007 5.8500000000000005 11.250000000000002 1022.1500000000002 5.5500000000000007 19.050000000000004 1009.35 22.250000000000004 1024.1500000000003 16.050000000000004 80.500000000000014
decision_type=2 2 2 2 2 2 2 2 2 2 2 2 2 2 2 2 2 2 2 2 2 2 2 2 2 2 2 2 2 2
left_child=3 4 9 8 13 27 16 -7 19 -3 -8 15 -6 -2 22 -9 21 -16 -12 -1 -10 -5 -11 -21 -15 -14 -26 -4 -25 -13
right_child=1 2 5 6 12 7 10 11 20 14 18 29 25 24 17 -17 -18 -19 -20 23 -22 -23 -24 28 26 -27 -28 -29 -30 -31
leaf_value=-0.0002394804335449652 0.018355798206191546 -0.006926325867218178 0.003802291901024209 -0.0070585100339608077 0.013490573048017488 0.006965351341055942 0.0029262223357756096 0.014473695639443094 -0.0072072757822605237 0.013530418929932682 -0.0074467418313191843 0.018348355580078728 0.029231844018860781 0.015220774491772582 -0.0072299230738173863 -0.0011417348895754133 -0.0086910479313051601 0.0019456829414613781 -0.0024525909204765588 0.0012835001366870141 0.0013743720050608706 4.8316080061879303e-05 0.00189064989685418 0.014787357918608328 0.0039542138573363866 0.022724425889425911 0.014548266946934583 -0.0051332241311115943 0.0068780548586190211 0.02629776269505528
leaf_weight=1488 1834 4698 1214 3851 1142 4004 3784 1724 1878 916 5405 1926 2230 962 1799 455 31035 2141 8379 958 2522 2066 1003 1467 2370 3674 623 1454 1834 1306
leaf_count=1488 1834 4698 1214 3851 1142 4004 3784 1724 1878 916 5405 1926 2230 962 1799 455 31035 2141 8379 958 2522 2066 1003 1467 2370 3674 623 1454 1834 1306
internal_value=1.46589e-05 0.00910198 0.0040666 -0.00497046 0.017984 0.00986167 -0.00635613 0.0129587 0.00247478 -0.00256613 -0.00283055 0.0173936 0.0232874 0.0115291 0.000930067 0.011213 -0.00803229 -0.00224389 -0.0044109 0.00612157 -0.00228843 -0.00457707 0.00744668 0.00834398 0.00836345 0.0251823 0.00615939 -0.00106736 0.010393 0.0215606
internal_weight=100142 35475 22640 64667 12835 12083 54520 9415 10147 10557 17568 5411 7046 5789 5859 2179 36952 3940 13784 5747 4400 5917 1919 4259 3955 5904 2993 2668 3301 3232
internal_count=100142 35475 22640 64667 12835 12083 54520 9415 10147 10557 17568 5411 7046 5789 5859 2179 36952 3940 13784 5747 4400 5917 1919 4259 3955 5904 2993 2668 3301 3232
is_linear=0
shrinkage=0.05


Tree=2
num_leaves=31
num_cat=0
split_feature=2 4 3 3 7 2 6 2 4 4 3 2 3 4 4 3 1 3 4 6 1 4 5 1 6 4 6 1 4 6
split_gain=1641.41 557.213 300.766 241.259 160.782 122.131 94.8854 86.7051 65.9455 59.8875 58.8266 44.4525 42.7039 40.656 34.7625 32.5275 31.7275 22.0544 21.9331 20.8342 20.6756 19.4606 23.0571 18.4689 25.6342 16.6347 15.4691 15.323 14.5841 14.3558
threshold=79.500000000000014 1017.5500000000001 46.500000000000007 62.500000000000007 15.15 89.500000000000014 10.050000000000002 67.500000000000014 1010.6500000000002 1012.35 55.500000000000007 88.500000000000014 33.500000000000007 1020.4500000000002 1012.0500000000001 54.500000000000007 20.850000000000005 78.500000000000014 1011.85 9.4500000000000011 21.450000000000003 1024.1500000000003 1019.9500000000002 20.150000000000002 24.650000000000002 1008.85 9.8500000000000032 16.450000000000003 1021.85 7.8500000000000005
decision_type=2 2 2 2 2 2 2 2 2 2 2 2 2 2 2 2 2 2 2 2 2 2 2 2 2 2 2 2 2 2
left_child=2 5 12 15 13 8 21 16 -2 -9 25 -8 -1 27 20 28 -6 -13 -12 -17 -14 22 -5 -10 -25 -7 -15 -4 -3 -20
right_child=1 3 4 6 7 10 11 9 23 -11 18 17 14 26 -16 19 -18 -19 29 -21 -22 -23 -24 24 -26 -27 -28 -29 -30 -31
leaf_value=-0.0088206157079261851 0.019462083344746389 -0.00095015207210839803 0.012311236133166632 0.001825440548739191 -0.0010534185555928827 0.023876991161366101 0.0086044108589564579 0.0064219338511584166 0.013613862006923364 -0.0013118999452254748 0.028085152345006293 0.013960249149991619 0.0062123121495576625 -0.0032648036233333213 -0.0064592719943296411 -0.0030154350515719094 -0.0063890252887230103 0.022576190575413792 0.011295522209813825 0.0051973396975682068 -0.0031373664486371816 -0.0011340229989226193 0.015880222034871959 0.0051244291544887809 0.018710576025561126 0.0073734626163581762 0.005159498097326261 0.0037453221291258 -0.0065258237189249977 0.022859397188857725
leaf_weight=20655 2535 1770 2604 767 3764 194 2406 3292 1661 10446 2466 1705 846 887 12908 1326 10725 1316 301 1849 1964 1638 471 2507 403 717 1413 653 3476 2477
leaf_count=20655 2535 1770 2604 767 3764 194 2406 3292 1661 10446 2466 1705 846 887 12908 1326 10725 1316 301 1849 1964 1638 471 2507 403 717 1413 653 3476 2477
internal_value=1.39257e-05 0.00980552 -0.00417099 0.00373611 -0.000774089 0.0174599 0.00978404 -0.00230455 0.0129941 0.000541338 0.0226157 0.0136751 -0.0073261 0.00699994 -0.00536216 -0.00222707 -0.00500292 0.0177135 0.0246531 0.00176737 -0.000322481 0.00244164 0.00717262 0.00940712 0.00700595 0.0108879 0.00191065 0.0105938 -0.00464459 0.0216064
internal_weight=100142 29985 70157 16724 33784 13261 8303 28227 7106 13738 6155 5427 36373 5557 15718 8421 14489 3021 5244 3175 2810 2876 1238 4571 2910 911 2300 3257 5246 2778
internal_count=100142 29985 70157 16724 33784 13261 8303 28227 7106 13738 6155 5427 36373 5557 15718 8421 14489 3021 5244 3175 2810 2876 1238 4571 2910 911 2300 3257 5246 2778
is_linear=0
shrinkage=0.05


Tree=3
num_leaves=31
num_cat=0
split_feature=2 4 0 7 2 2 2 4 4 7 0 1 0 4 1 7 0 0 0 1 4 2 0 0 1 0 1 0 1 0
split_gain=1484.15 522.59 284.243 220.446 143.58 135.275 106.61 59.6184 59.0811 52.7243 48.6171 100.576 48.0417 42.1316 38.3115 38.0106 37.1658 33.7805 29.5809 27.3268 27.143 26.5807 26.1352 23.1553 21.9119 48.7041 21.8878 20.0762 19.6361 20.762
threshold=76.500000000000014 1015.7500000000001 6.6500000000000012 16.950000000000003 85.500000000000014 86.500000000000014 63.500000000000007 1021.5500000000001 1011.5500000000001 13.15 11.450000000000001 19.450000000000003 2.7500000000000004 1009.1500000000002 27.750000000000004 17.550000000000004 13.250000000000002 4.4500000000000011 11.550000000000002 22.150000000000002 1008.85 57.500000000000007 6.7500000000000009 5.8500000000000005 23.350000000000005 14.950000000000001 21.550000000000004 11.250000000000002 19.050000000000004 22.250000000000004
decision_type=2 2 2 2 2 2 2 2 2 2 2 2 2 2 2 2 2 2 2 2 2 2 2 2 2 2 2 2 2 2
left_child=3 4 9 7 13 15 19 21 -8 12 11 -7 -3 -2 -12 -4 -17 -6 -10 27 -19 -1 -23 -9 -22 -26 -20 -5 -15 -30
right_child=1 2 5 6 17 10 8 23 18 -11 14 -13 -14 28 -16 16 -18 20 26 -21 24 22 -24 -25 25 -27 -28 -29 29 -31
leaf_value=-0.00026308529933945078 0.016947963612766473 -0.004376304626930505 0.0087369433501277016 -0.0066854045391436722 0.0083655149940355319 0.014223057268300272 0.0028008270047495533 -0.0066561733958897772 -0.0069845152879737587 -0.0062821208183878865 0.019437464360733063 -0.0043196251167296421 0.0081516570585672982 0.013806057956578048 0.002051732065470031 -0.0043559718871633421 0.0044914308215233982 0.026527178615358523 0.0025089415522870171 -0.0082069679976780174 0.022260512086035852 0.0020923300561579792 0.010123570329836898 0.00090845468684903593 -0.0032164152959982557 0.019379222756916351 -0.0036016024819190287 -0.00093221314408608127 0.0035359595110175815 0.013587931658827327
leaf_weight=1525 1746 1536 2154 4210 486 2657 3674 1782 6093 5653 2883 1009 1525 982 356 2053 2814 2218 1734 26975 2879 1540 2960 2340 300 1163 9464 2370 2408 653
leaf_count=1525 1746 1536 2154 4210 486 2657 3674 1782 6093 5653 2883 1009 1525 982 356 2053 2814 2218 1734 26975 2879 1540 2960 2340 300 1163 9464 2370 2408 653
internal_value=1.32296e-05 0.00823151 0.00366222 -0.00449515 0.0162914 0.00809394 -0.00575457 0.00227173 -0.00295738 -0.00342019 0.0130631 0.00911952 0.00186517 0.0104571 0.0175266 0.00320687 0.000759416 0.0210849 -0.00418089 -0.00750225 0.0220272 0.00544178 0.0073751 -0.00236184 0.0197285 0.0147458 -0.00265539 -0.00461321 0.00765398 0.00568034
internal_weight=100142 35475 22640 64667 12835 13926 54520 10147 20965 8714 6905 3666 3061 5789 3239 7021 4867 7046 17291 33555 6560 6025 4500 4122 4342 1463 11198 6580 4043 3061
internal_count=100142 35475 22640 64667 12835 13926 54520 10147 20965 8714 6905 3666 3061 5789 3239 7021 4867 7046 17291 33555 6560 6025 4500 4122 4342 1463 11198 6580 4043 3061
is_linear=0
shrinkage=0.05


Tree=4
num_leaves=31
num_cat=0
split_feature=2 0 3 3 1 4 2 4 4 4 2 4 0 2 1 1 3 4 1 0 0 4 0 1 0 1 0 4 1 0
split_gain=1345.53 495.982 269.835 211.738 136.81 103.786 81.6179 72.6069 70.6121 65.0874 53.6273 51.2586 50.7968 45.5949 38.5707 38.289 36.9549 32.8508 27.3808 27.1855 24.5568 20.6472 19.3958 18.3855 17.9688 17.5355 17.2637 16.403 16.1616 15.37
threshold=80.500000000000014 5.6500000000000012 46.500000000000007 57.500000000000007 17.650000000000002 1014.4500000000002 67.500000000000014 1020.4500000000002 1019.9500000000002 1013.2500000000001 88.500000000000014 1011.35 9.6500000000000004 89.500000000000014 17.650000000000002 14.15 33.500000000000007 1010.9500000000002 19.750000000000004 10.450000000000001 11.65 1022.1500000000002 3.4500000000000006 21.750000000000004 25.850000000000005 20.850000000000005 5.8500000000000005 1009.35 24.650000000000002 0.95000000000000007
decision_type=2 2 2 2 2 2 2 2 2 2 2 2 2 2 2 2 2 2 2 2 2 2 2 2 2 2 2 2 2 2
left_child=2 8 16 9 7 13 25 22 15 23 -7 24 14 27 -12 29 -1 -18 21 -20 -13 -11 -4 -3 -8 -6 -9 -5 -21 -2
right_child=1 3 4 5 6 10 11 26 -10 18 12 20 -14 -15 -16 -17 17 -19 19 28 -22 -23 -24 -25 -26 -27 -28 -29 -30 -31
leaf_value=-0.0080120883523834407 -0.00075516214837198677 0.021770909428596497 -0.0019729647521049744 0.021119487437617827 -0.0015182948795377359 0.008305286320928619 0.0080020782656777222 -0.0043687732093627123 -0.0052304864836387188 0.01362289261309222 0.013617862986330316 -0.0050685060274909474 0.019797861010863865 0.025311258876677224 -0.0020599456099064453 -0.0017804551146813293 0.00084012065389022818 -0.005721751608457123 -0.0072781899342672877 0.0096033177269431811 0.0004280272921425063 0.0005851332702526222 0.011044562561925812 0.0096899619762290719 -0.0054624126607721504 -0.0057901755644342162 0.0028509180648352509 0.013644701159107073 -0.00075215900510205774 0.015145974744533755
leaf_weight=20737 184 488 310 1245 3092 3953 2504 1286 5169 662 1746 2705 3364 3136 506 871 2214 13771 1140 566 8168 561 3719 888 275 10769 2325 1788 1127 873
leaf_count=20737 184 488 310 1245 3092 3953 2504 1286 5169 662 1746 2705 3364 3136 506 871 2214 13771 1140 566 8168 561 3719 888 275 10769 2325 1788 1127 873
internal_value=1.25681e-05 0.00925441 -0.00362206 0.0130892 -0.00049085 0.0160269 -0.00213456 0.00542844 -0.00218454 0.00457772 0.0127668 0.000609497 0.0159071 0.0210839 0.0100952 0.0059817 -0.00661949 -0.0048129 0.00138986 -0.00130933 -0.000939408 0.00764237 0.010043 0.0139745 0.00666968 -0.00483724 0.00027974 0.016713 0.00270986 0.0123779
internal_weight=100142 28267 71875 21170 35153 15738 27513 7640 7097 5432 9569 13652 5616 6169 2252 1928 36722 15985 4056 2833 10873 1223 4029 1376 2779 13861 3611 3033 1693 1057
internal_count=100142 28267 71875 21170 35153 15738 27513 7640 7097 5432 9569 13652 5616 6169 2252 1928 36722 15985 4056 2833 10873 1223 4029 1376 2779 13861 3611 3033 1693 1057
is_linear=0
shrinkage=0.05


Tree=5
num_leaves=31
num_cat=0
split_feature=2 0 3 3 1 4 2 4 2 4 3 4 4 1 4 1 0 4 1 0 0 7 0 4 4 5 1 0 0 1
split_gain=1203.42 433.674 228.544 210.014 117.327 115.571 91.7683 71.8895 67.3237 66.2422 46.2857 42.616 36.2672 34.9635 30.1387 30.0303 27.5082 24.117 30.226 22.9476 22.0866 20.8704 45.7928 21.1315 20.193 46.1181 18.2078 17.8917 17.5169 16.6275
threshold=79.500000000000014 5.5500000000000007 43.500000000000007 69.500000000000014 18.050000000000004 1014.4500000000002 89.500000000000014 1021.1500000000002 69.500000000000014 1019.9500000000002 49.500000000000007 1012.2500000000001 1017.4500000000002 13.65 1010.1500000000002 20.050000000000004 9.6500000000000004 1011.2500000000001 24.850000000000005 13.950000000000001 10.15 15.450000000000001 10.350000000000003 1023.4500000000002 1013.5500000000001 1016.1500000000002 20.550000000000004 4.2500000000000009 14.15 21.550000000000004
decision_type=2 2 2 2 2 2 2 2 2 2 2 2 2 2 2 2 2 2 2 2 2 2 2 2 2 2 2 2 2 2
left_child=2 9 17 5 7 15 14 24 29 13 -7 -10 -8 -2 -5 -3 -14 18 -1 -17 -13 23 -23 -12 -4 -26 -24 -9 -28 -6
right_child=1 3 4 6 8 10 12 27 11 -11 21 20 16 -15 -16 19 -18 -19 -20 -21 -22 22 26 -25 25 -27 28 -29 -30 -31
leaf_value=0.0028755824753915419 0.012049564324844678 0.020729663668653926 0.011943774749821079 0.019123728404396689 -0.0017996568481337847 -0.0023196163656038923 0.024375957996093236 -0.0068871848712755441 0.005999285971596136 -0.0052024125283618291 0.017331734797374664 -0.006523129765582664 0.010338518245676612 -0.0011625945874785325 0.009691130863517106 0.003709343744634914 0.020881824226596873 -0.0072518221996919572 -0.0057384299618483811 0.014310302856180138 7.1355166762766936e-05 -0.0016852303489453939 0.014598631424573278 0.0044702292070930849 -0.0020633571268040304 0.011035124564600388 -0.00010740342148757168 0.0010276829456356731 0.0093226768708557558 -0.0052597848827933913
leaf_weight=1352 1007 1269 2091 1085 4721 2194 3386 941 2762 5269 738 1564 1063 996 3858 714 1480 26941 4127 1791 6748 1797 851 563 1176 1568 766 2960 1379 13124
leaf_count=1352 1007 1269 2091 1085 4721 2194 3386 941 2762 5269 738 1564 1063 996 3858 714 1480 26941 4127 1791 6748 1797 851 563 1176 1568 766 2960 1379 13124
internal_value=3.6648e-05 0.00837931 -0.00355947 0.0117529 -0.000909949 0.00721035 0.0167926 0.00416805 -0.00244394 -0.00226011 0.00390771 0.000618508 0.020987 0.00547976 0.0117616 0.0144632 0.0164746 -0.00663683 -0.00361283 0.0112887 -0.00116947 0.00614971 0.00462524 0.011766 0.00824219 0.00542149 0.00841026 -0.000881543 0.00595511 -0.00434439
internal_weight=100281 30206 70075 22934 37655 12062 10872 8736 28919 7272 8288 11074 5929 2003 4943 3774 2543 32420 5479 2505 8312 6094 4793 1301 4835 2744 2996 3901 2145 17845
internal_count=100281 30206 70075 22934 37655 12062 10872 8736 28919 7272 8288 11074 5929 2003 4943 3774 2543 32420 5479 2505 8312 6094 4793 1301 4835 2744 2996 3901 2145 17845
is_linear=0
shrinkage=0.05


Tree=6
num_leaves=31
num_cat=0
split_feature=2 0 3 3 7 4 2 2 4 4 3 0 0 1 1 1 4 1 4 0 0 4 7 0 4 4 1 1 0 1
split_gain=1086.09 391.39 207.341 189.537 107.297 104.303 82.8209 61.0995 59.7836 47.6052 41.7729 36.7549 32.8988 31.7391 30.4494 27.4432 27.2001 27.1023 25.055 23.6219 21.5116 19.4984 18.8355 41.328 19.0712 18.599 22.4009 18.1957 16.7114 16.4325
threshold=79.500000000000014 5.5500000000000007 41.500000000000007 69.500000000000014 15.15 1014.4500000000002 89.500000000000014 70.500000000000014 1019.9500000000002 1012.2500000000001 49.500000000000007 3.9500000000000006 9.7500000000000018 14.250000000000002 16.050000000000004 20.850000000000005 1010.1500000000002 20.050000000000004 1021.0500000000001 9.8500000000000032 9.6500000000000004 1024.2500000000002 15.450000000000001 10.350000000000003 1023.4500000000002 1011.1500000000002 24.850000000000005 19.950000000000003 10.250000000000002 20.550000000000004
decision_type=2 2 2 2 2 2 2 2 2 2 2 2 2 2 2 2 2 2 2 2 2 2 2 2 2 2 2 2 2 2
left_child=2 8 25 5 11 17 16 15 13 -9 -7 -4 14 -2 -8 18 -5 -3 28 -11 -19 -13 24 -24 -12 26 -1 -21 -6 -25
right_child=1 3 4 6 7 10 12 9 -10 19 22 21 -14 -15 -16 -17 -18 20 -20 27 -22 -23 23 29 -26 -27 -28 -29 -30 -31
leaf_value=0.0023344864922797857 0.010732319032086619 0.01969318048070039 -0.0032007541011442979 0.018167542290577692 -0.0021594533084336323 -0.0022036355579698095 0.017958730408175028 0.006596559995421628 -0.0049422918979561432 -0.0052766712929245563 0.016465147910765841 0.008480923478410075 0.022518148746748776 -0.0019622524773035576 0.0029080344921982235 -0.004758063940531021 0.0092065743404836971 -0.0067246468545812555 -0.0042342923008079356 0.006376266301557929 0.01195464933784599 0.0010935427538760296 -0.0016009688062275128 0.013868699566878107 0.0042467177628835616 -0.0070931962501347284 -0.0055923889984490355 -0.00061940556791091215 0.005131517567725714 0.005657349644979953
leaf_weight=1161 1131 1269 1119 1085 1323 2194 1489 2709 5269 2347 738 3941 4006 872 434 16147 3858 165 2871 1118 2340 1155 1797 851 563 24899 3836 5513 1936 2145
leaf_count=1161 1131 1269 1119 1085 1323 2194 1489 2709 5269 2347 738 3941 4006 872 434 16147 3858 165 2871 1118 2340 1155 1797 851 563 24899 3836 5513 1936 2145
internal_value=3.48156e-05 0.00796034 -0.0033815 0.0111652 -0.00103544 0.00684983 0.015953 -0.00214073 -0.00214711 0.000787167 0.00371232 0.00500478 0.0199377 0.00520578 0.014562 -0.00367677 0.0111735 0.0137401 -0.000828547 -0.000965746 0.0107243 0.00680659 0.00584222 0.00439398 0.0111777 -0.0065345 -0.00375066 0.000560079 0.00217173 0.00798975
internal_weight=100281 30206 70075 22934 40179 12062 10872 33964 7272 11687 8288 6215 5929 2003 1923 22277 4943 3774 6130 8978 2505 5096 6094 4793 1301 29896 4997 6631 3259 2996
internal_count=100281 30206 70075 22934 40179 12062 10872 33964 7272 11687 8288 6215 5929 2003 1923 22277 4943 3774 6130 8978 2505 5096 6094 4793 1301 29896 4997 6631 3259 2996
is_linear=0
shrinkage=0.05


Tree=7
num_leaves=31
num_cat=0
split_feature=3 3 3 4 4 1 1 1 4 7 0 0 0 4 6 0 7 5 4 0 4 5 0 1 5 0 4 1 3 1
split_gain=952.995 176.685 155.458 122.777 100.592 63.5453 43.8968 38.5654 58.8625 36.4496 69.7563 32.8469 30.8789 28.6578 21.066 21.0017 25.5109 20.5845 23.4021 19.2618 17.8045 17.8113 17.3191 17.0201 16.7078 15.1738 14.8708 15.4185 13.8358 13.6993
threshold=59.500000000000007 80.500000000000014 37.500000000000007 1011.5500000000001 1012.6500000000002 21.450000000000003 20.550000000000004 19.950000000000003 1021.0500000000001 19.950000000000003 7.2500000000000009 5.3500000000000005 14.15 1022.0500000000001 19.850000000000005 25.350000000000005 28.150000000000002 1016.7385000000002 1015.9500000000002 12.850000000000003 1019.9500000000002 1016.35 4.9500000000000011 18.550000000000004 1012.85 17.250000000000004 1011.2500000000001 24.650000000000002 84.500000000000014 17.650000000000002
decision_type=2 2 2 2 2 2 2 2 2 2 2 2 2 2 2 2 2 2 2 2 2 2 2 2 2 2 2 2 2 2
left_child=2 3 26 6 5 -4 -2 8 17 10 20 -10 -9 23 -14 16 -8 18 24 -11 21 -6 -3 -12 -5 -16 27 -1 29 -24
right_child=1 22 4 7 9 -7 15 12 11 19 13 -13 14 -15 25 -17 -18 -19 -20 -21 -22 -23 28 -25 -26 -27 -28 -29 -30 -31
leaf_value=0.0021571429206069404 0.016949671306711576 0.0054575947271582152 0.010062139853835106 0.0056501334480658595 -0.0032524993723189394 0.00028566719055684681 0.0060653489837680652 -0.0039743264197422256 -0.003769450440005144 -0.0067293933826708119 0.0090451450079188141 0.004252318471677413 0.0066585177107066325 -0.0011161515848985806 -0.0042989588284349485 -0.0023768108060612907 0.015859835688212906 0.013467210939559857 0.001576440534953142 -0.0031153411897121889 -0.0054107026487746571 0.0068800327725160489 0.015324897942699346 0.0025181104153820261 0.015861262008547785 0.0020367957437156001 -0.0070759927993828409 -0.0053214142801625772 0.014883293802158241 0.0071413995499593503
leaf_weight=845 2103 718 2576 817 1350 4685 2024 2571 1852 5919 1759 4104 2076 2977 1167 443 990 1790 1273 9776 6426 639 816 2311 786 4968 21784 3738 5628 1370
leaf_count=845 2103 718 2576 817 1350 4685 2024 2571 1852 5919 1759 4104 2076 2977 1167 443 990 1790 1273 9776 6426 639 816 2311 786 4968 21784 3738 5628 1370
internal_value=3.30748e-05 0.00661804 -0.00357486 0.00463371 -0.00154576 0.00375409 0.0112535 0.00291412 0.00505241 -0.00278087 -0.00105787 0.00175797 0.00080755 0.00261203 0.00230483 0.00778842 0.00928252 0.00925766 0.00663766 -0.0044783 -0.00413116 2.74851e-06 0.0128892 0.00533901 0.010657 0.000831608 -0.00653135 -0.00394254 0.0135721 0.0101962
internal_weight=100281 35496 64785 26964 38418 7261 5560 21404 10622 31157 15462 5956 10782 7047 8211 3457 3014 4666 2876 15695 8415 1989 8532 4070 1603 6135 26367 4583 7814 2186
internal_count=100281 35496 64785 26964 38418 7261 5560 21404 10622 31157 15462 5956 10782 7047 8211 3457 3014 4666 2876 15695 8415 1989 8532 4070 1603 6135 26367 4583 7814 2186
is_linear=0
shrinkage=0.05


Tree=8
num_leaves=31
num_cat=0
split_feature=2 0 3 2 1 4 3 4 2 4 4 7 0 4 1 0 7 4 7 0 0 1 4 1 5 4 5 0 0 1
split_gain=928.882 338.359 162.216 124.231 88.1692 87.2472 75.4295 58.7132 53.7451 44.7693 42.9886 39.8024 37.7142 30.5731 28.6292 51.056 27.5066 30.986 27.3334 39.976 20.8992 20.5711 18.7941 18.4552 17.5407 32.6632 17.3379 15.2401 14.6497 21.1987
threshold=79.500000000000014 6.9500000000000011 46.500000000000007 89.500000000000014 17.750000000000004 1014.35 73.500000000000014 1011.2500000000001 69.500000000000014 1020.7500000000001 1010.85 12.950000000000001 1.5500000000000003 1008.0500000000001 20.150000000000002 15.350000000000003 19.850000000000005 1015.9500000000002 17.150000000000002 14.15 11.450000000000001 15.450000000000001 1023.4500000000002 23.150000000000002 1018.1500000000002 1014.2500000000001 1016.1500000000002 10.350000000000003 11.850000000000003 23.450000000000003
decision_type=2 2 2 2 2 2 2 2 2 2 2 2 2 2 2 2 2 2 2 2 2 2 2 2 2 2 2 2 2 2
left_child=2 5 16 7 9 21 10 -3 -6 24 -5 12 -7 -10 27 28 17 -1 -9 23 -15 -2 -14 -20 25 -4 -27 -12 -16 -30
right_child=1 3 4 6 8 11 -8 18 13 -11 14 -13 22 20 15 -17 -18 -19 19 -21 -22 -23 -24 -25 -26 26 -28 -29 29 -31
leaf_value=0.0024408003873314424 0.015314286698391869 0.01415248798929473 0.010572321648083506 0.021126488815440519 -0.0038117332621309414 -0.0049683334940875123 0.019894592859146354 0.010106659193294999 0.0097540736539803562 -6.8570930544320529e-05 0.0099143875388411351 -0.0046812942639487534 0.01166025702784091 -0.0044612815230367043 -0.0056269036928287743 0.015826605604754556 -0.0061559260593342458 -0.0047310282899882287 0.0021147236693650484 0.0072101665146486922 0.0012018041011678888 0.0002379786907410135 0.0015251816181396996 -0.0066804587057639562 0.015516052953597995 -0.0039172061505595044 0.0072700237778768155 0.019625176091258432 0.014271640966335934 -0.0043142392282273364
leaf_weight=2073 982 2553 1952 836 15925 1056 4540 2379 873 3330 1189 5517 972 2076 757 675 28716 5507 1792 3680 7569 294 864 894 619 851 584 612 300 314
leaf_count=2073 982 2553 1952 836 15925 1056 4540 2379 873 3330 1189 5517 972 2076 757 675 28716 5507 1792 3680 7569 294 864 894 619 851 584 612 300 314
internal_value=3.14211e-05 0.00736095 -0.00312799 0.0109964 -0.000634308 -0.00034209 0.0153022 0.00748148 -0.00197979 0.00421557 0.01085 -0.00219072 0.0025605 0.000793891 0.00861685 0.00457 -0.00544874 -0.00276966 0.00553395 0.00382511 -1.71244e-05 0.0118406 0.00689081 -0.000812638 0.00777677 0.00636236 0.000635646 0.0132142 -0.000972097 0.00476681
internal_weight=100281 30206 70075 20521 33779 9685 9223 11298 26443 7336 4683 8409 2892 10518 3847 2046 36296 7580 8745 6366 9645 1276 1836 2686 4006 3387 1435 1801 1371 614
internal_count=100281 30206 70075 20521 33779 9685 9223 11298 26443 7336 4683 8409 2892 10518 3847 2046 36296 7580 8745 6366 9645 1276 1836 2686 4006 3387 1435 1801 1371 614
is_linear=0
shrinkage=0.05


Tree=9
num_leaves=31
num_cat=0
split_feature=2 4 3 7 2 2 4 3 6 2 4 4 2 4 3 3 5 4 4 3 4 5 7 5 3 2 1 6 3 4
split_gain=838.55 321.798 137.12 125.155 111.223 60.3823 55.4848 42.2815 41.5945 38.9594 37.1006 35.6918 28.6355 23.9571 22.404 21.2636 19.8036 19.4389 19.2142 18.5292 15.8814 26.9729 14.5696 16.8206 13.5859 12.6337 11.6877 18.0671 11.2031 10.676
threshold=76.500000000000014 1017.5500000000001 61.500000000000007 18.750000000000004 85.500000000000014 63.500000000000007 1015.35 69.500000000000014 9.6500000000000004 85.500000000000014 1010.6500000000002 1012.0500000000001 58.500000000000007 1010.7500000000001 78.500000000000014 49.500000000000007 1013.1500000000002 1021.85 1007.0500000000001 46.500000000000007 1023.4500000000002 1019.85 13.850000000000003 1016.35 47.500000000000007 92.500000000000014 19.250000000000004 24.650000000000002 48.500000000000007 1022.85
decision_type=2 2 2 2 2 2 2 2 2 2 2 2 2 2 2 2 2 2 2 2 2 2 2 2 2 2 2 2 2 2
left_child=3 4 15 6 10 -5 12 13 20 -10 -2 -7 -1 -6 -11 -3 18 -17 -14 -8 21 -4 23 -21 -15 -9 -12 -28 -13 -25
right_child=1 2 8 5 7 11 19 25 9 14 26 28 16 24 -16 17 -18 -19 -20 22 -22 -23 -24 29 -26 -27 27 -29 -30 -31
leaf_value=-0.00045471949645387033 0.011744877543571376 -0.0048340384971260319 0.00026142719492860673 -0.0059881014353739079 0.016730665960292584 0.00197738440250525 -0.0042336013682523184 0.015291153745851242 0.0035893346280180477 0.0083296086375548497 0.0082327295705151224 -0.0050731732480642075 0.011905882660880943 0.00060028594081141368 0.015880144127398913 0.0039582376144054023 0.015968768588162745 -0.0022829652685224609 0.0027348493435849471 -0.0077618013368919497 -0.001888450102872092 0.016844165625624179 -0.0011929354955046857 0.010887348743164157 0.010027440199690913 0.020262751832329028 0.00099900231432558891 0.010608796139776305 -0.0022480821997923894 0.0022929052257051573
leaf_weight=1594 2502 4382 739 30524 1235 3784 3896 2271 2693 2473 1306 6243 865 476 1630 1881 597 3705 1681 256 1752 367 5686 653 1939 2922 2814 592 8014 809
leaf_count=1594 2502 4382 739 30524 1235 3784 3896 2271 2693 2473 1306 6243 865 476 1630 1881 597 3705 1681 256 1752 367 5686 653 1939 2922 2814 592 8014 809
internal_value=2.985e-05 0.00618221 0.00188669 -0.00336803 0.0114314 -0.00463268 0.000461722 0.01519 0.00613386 0.00826219 0.00682412 -0.00233942 0.0050041 0.0110661 0.0113292 -0.0022267 0.00777258 -0.000181336 0.0058507 -0.00144246 0.00107293 0.00576402 2.62489e-05 0.00406134 0.00816933 0.0180886 0.00421128 0.00266929 -0.00348516 0.0061316
internal_weight=100281 35679 19622 64602 16057 48565 16037 8843 9654 6796 7214 18041 4737 3650 4103 9968 3143 5586 2546 11300 2858 1106 7404 1718 2415 5193 4712 3406 14257 1462
internal_count=100281 35679 19622 64602 16057 48565 16037 8843 9654 6796 7214 18041 4737 3650 4103 9968 3143 5586 2546 11300 2858 1106 7404 1718 2415 5193 4712 3406 14257 1462
is_linear=0
shrinkage=0.05


Tree=10
num_leaves=31
num_cat=0
split_feature=2 4 3 3 7 2 2 3 6 6 6 3 3 4 4 1 4 5 5 4 4 2 4 7 1 6 3 2 6 6
split_gain=784.299 264.716 160.834 108.208 73.014 53.97 49.7112 36.7187 31.3338 31.2002 29.978 28.5125 26.2757 23.9102 23.4352 28.9967 21.6554 18.6252 17.1646 17.1735 16.8026 12.8044 12.327 11.7378 11.5169 18.3231 11.4251 10.7913 10.7018 10.6162
threshold=81.500000000000014 1017.7500000000001 52.500000000000007 69.500000000000014 15.15 69.500000000000014 89.500000000000014 36.500000000000007 25.450000000000003 10.250000000000002 9.3500000000000032 48.500000000000007 50.500000000000007 1010.6500000000002 1015.35 21.950000000000003 1014.85 1013.5500000000001 1016.2500000000001 1019.2500000000001 1012.1500000000002 89.500000000000014 1007.85 12.950000000000001 19.050000000000004 15.450000000000001 91.500000000000014 62.500000000000007 7.4500000000000011 24.950000000000003
decision_type=2 2 2 2 2 2 2 2 2 2 2 2 2 2 2 2 2 2 2 2 2 2 2 2 2 2 2 2 2 2
left_child=2 6 7 9 16 -6 13 -1 22 23 -5 -11 -8 -2 15 17 26 -9 -18 -20 -14 -12 -7 -3 -13 -26 -4 -17 -22 -15
right_child=1 3 4 10 5 8 12 14 -10 11 21 24 20 29 -16 27 18 -19 19 -21 28 -23 -24 -25 25 -27 -28 -29 -30 -31
leaf_value=-0.005811832376262361 0.013860581773267667 0.00082576718358766475 0.011162248611746649 0.0025250116376453395 -0.003249609089985311 0.0076918419030579657 0.0059158218710470278 0.0021412892839626266 0.007587752808342188 -0.0040311654064521538 0.0074782342150293548 0.0086676125216671798 0.019693919667832474 0.006322074824616844 -0.0041308086652737551 -0.0051452238422107742 -0.0051434453934022829 0.014785055374336798 0.013001167400244096 0.0029428009556195138 0.0054677219045433136 0.013529708850511038 -2.7459256889994231e-05 -0.0046774566793719883 -0.0018486718938063116 0.0072058943136731075 -0.0037441431672024213 -0.00040633027185234792 0.015315393366353222 0.016877677390584721
leaf_weight=24364 1988 1344 1709 1402 11717 550 599 1900 1835 1212 1450 1270 2801 3426 14420 2432 511 344 522 2269 308 2201 8667 3472 1111 1124 139 2374 2646 256
leaf_count=24364 1988 1344 1709 1402 11717 550 599 1900 1835 1212 1450 1270 2801 3426 14420 2432 511 344 522 2269 308 2201 8667 3472 1111 1124 139 2374 2646 256
internal_value=-6.0557e-06 0.00735248 -0.00266101 0.00282461 0.000330662 -0.000885398 0.0128451 -0.00448333 0.00162107 -0.000310779 0.00873984 0.00257953 0.0158821 0.00944179 -0.00297576 -0.000613235 0.00570706 0.00407955 0.0032815 0.00482401 0.0169194 0.0111264 0.00043317 -0.00314167 0.00486545 0.00270494 0.010041 -0.00280437 0.0142886 0.00705598
internal_weight=100363 26610 73753 14586 27919 22769 12024 45834 11052 9533 5053 4717 6354 5670 21470 7050 5150 2244 3302 2791 5755 3651 9217 4816 3505 2235 1848 4806 2954 3682
internal_count=100363 26610 73753 14586 27919 22769 12024 45834 11052 9533 5053 4717 6354 5670 21470 7050 5150 2244 3302 2791 5755 3651 9217 4816 3505 2235 1848 4806 2954 3682
is_linear=0
shrinkage=0.05


Tree=11
num_leaves=31
num_cat=0
split_feature=2 4 3 2 1 4 3 4 2 4 3 5 6 2 5 4 5 4 1 6 4 5 3 6 4 2 6 7 4 4
split_gain=709.742 277.9 142.427 109.876 89.4211 53.3646 44.0146 28.457 28.3822 24.4679 22.7796 21.9806 20.1034 25.2851 19.3325 18.8581 28.2944 16.4823 16.184 16.3436 15.8877 15.4882 13.2919 12.7969 12.7122 12.4454 12.4402 12.2959 12.0251 10.2918
threshold=73.500000000000014 1016.1500000000002 60.500000000000007 85.500000000000014 20.850000000000005 1015.2500000000001 82.500000000000014 1007.85 63.500000000000007 1021.85 56.500000000000007 1018.35 7.4500000000000011 88.500000000000014 1014.0500000000001 1024.2500000000002 1021.6500000000002 1012.0500000000001 19.250000000000004 24.350000000000005 1005.5500000000001 1011.9500000000002 52.500000000000007 9.7500000000000018 1020.1500000000002 85.500000000000014 10.250000000000002 13.950000000000001 1007.85 1023.1500000000002
decision_type=2 2 2 2 2 2 2 2 2 2 2 2 2 2 2 2 2 2 2 2 2 2 2 2 2 2 2 2 2 2
left_child=4 3 9 7 5 14 12 -2 -6 11 -5 -3 29 -14 20 16 -7 -10 21 -20 -1 -9 -21 -8 -13 -25 27 -15 -12 -4
right_child=1 2 6 10 8 15 23 18 17 -11 28 24 13 26 -16 -17 -18 -19 19 22 -22 -23 -24 25 -26 -27 -28 -29 -30 -31
leaf_value=0.0092358810400592455 0.012079768356191211 -0.0012487341955209235 0.0040757819340797143 0.0087455285474416621 -0.0055953517060630146 -0.0016619683780176185 0.0047561913040410761 0.0044881859419958203 0.00045975799958312144 -0.0038396603444201434 0.019624266443926324 0.013100576752357269 0.0026574721854644191 0.0080783005052181694 0.014105201010574412 -0.0046564975840864675 0.0079081214439462536 -0.0037558030255065329 0.0016285899659277689 -0.0021742378879677166 0.0015011036688434753 0.014276465062042436 0.0099587200670724838 0.0068495499454438689 0.0026945670275773915 0.015361145824627873 0.010140096085741158 -0.0025024737766792355 0.014580694085136951 -0.0047981454255440967
leaf_weight=869 1692 3925 512 1358 29498 6313 617 841 2973 7451 1603 445 5346 679 469 4367 880 10536 3621 275 2813 778 1260 600 862 1511 2407 461 4498 903
leaf_count=869 1692 3925 512 1358 29498 6313 617 841 2973 7451 1603 445 5346 679 469 4367 880 10536 3621 275 2813 778 1260 600 862 1511 2407 461 4498 903
internal_value=-5.75297e-06 0.00498697 0.00177287 0.0101774 -0.00354678 -0.000318494 0.00544298 0.00627942 -0.00472611 -0.00199938 0.0146022 0.000621405 0.00394836 0.00482914 0.00454443 -0.00206469 -0.000491152 -0.00282806 0.00483083 0.00346144 0.00332661 0.00919188 0.00778506 0.0110905 0.00623755 0.0129419 0.00810227 0.00379958 0.0159059 -0.00158723
internal_weight=100363 41645 25719 15926 58718 15711 13036 8467 43007 12683 7459 5232 10308 8893 4151 11560 7193 13509 6775 5156 3682 1619 1535 2728 1307 2111 3547 1140 6101 1415
internal_count=100363 41645 25719 15926 58718 15711 13036 8467 43007 12683 7459 5232 10308 8893 4151 11560 7193 13509 6775 5156 3682 1619 1535 2728 1307 2111 3547 1140 6101 1415
is_linear=0
shrinkage=0.05


Tree=12
num_leaves=31
num_cat=0
split_feature=2 0 3 3 1 1 0 2 2 0 1 3 1 6 0 4 6 4 1 0 4 1 0 0 5 0 1 4 0 4
split_gain=644.165 247.544 134.622 74.0692 62.1128 61.2709 59.6735 47.3626 46.4226 32.7103 35.105 31.0602 29.8334 25.132 27.9595 24.8083 24.6694 23.7444 25.2543 18.8605 17.969 17.1363 16.2943 16.046 15.8 15.3926 21.2698 14.4182 13.4256 13.1294
threshold=81.500000000000014 6.9500000000000011 52.500000000000007 53.500000000000007 16.450000000000003 14.350000000000003 3.6500000000000008 89.500000000000014 69.500000000000014 9.7500000000000018 16.750000000000004 33.500000000000007 20.650000000000002 25.450000000000003 25.350000000000005 1012.5500000000001 24.550000000000004 1015.35 22.550000000000004 13.550000000000002 1023.4500000000002 19.250000000000004 4.5500000000000007 11.850000000000003 1013.5500000000001 8.5500000000000025 21.450000000000003 1022.2500000000001 14.550000000000002 1012.9500000000002
decision_type=2 2 2 2 2 2 2 2 2 2 2 2 2 2 2 2 2 2 2 2 2 2 2 2 2 2 2 2 2 2
left_child=2 5 11 12 15 6 -2 16 -6 10 -9 -1 27 25 -15 -4 21 18 24 -14 -8 -5 -17 -23 -13 -10 -27 -3 -28 -11
right_child=1 3 4 7 8 -7 20 9 13 29 -12 17 19 14 -16 22 -18 -19 -20 -21 -22 23 -24 -25 -26 26 28 -29 -30 -31
leaf_value=-0.0055003470676248806 -0.0013439446143939219 0.015399215659110883 0.012003924993046543 0.010665953357159065 -0.0028858435322595215 -0.0039685346621186716 0.014573200700704945 0.0134581721736427 -0.005280142152568057 0.019386532937865294 0.00018596727266369099 0.0015812359467814122 -0.0038762275858354681 0.010490323703179167 -0.0037811990639834755 -0.0028956159332437013 0.017662843314528828 -0.0039716438088096577 -0.002675157889234094 0.0051744407135636411 0.0039678473470090821 -0.0032096224578089735 0.0053212452461694369 0.0065844861268714167 0.012059722654521467 0.0045591502032162473 -0.0055220270203219521 0.00057419343863814932 0.00063215906926971711 0.014373830574760705
leaf_weight=20902 2069 591 1140 2497 12044 4864 1215 1496 1014 2035 747 2374 1283 1378 457 773 658 16687 5447 1044 595 482 2749 3159 424 3064 1125 227 4175 3648
leaf_count=20902 2069 591 1140 2497 12044 4864 1215 1496 1014 2035 747 2374 1283 1378 457 773 658 16687 5447 1044 595 482 2749 3159 424 3064 1125 227 4175 3648
internal_value=-5.46528e-06 0.00666336 -0.00241157 0.0100368 0.000325477 -0.000230615 0.00445648 0.0115248 -0.000730416 0.0141509 0.00903805 -0.00407879 0.0030716 0.00158475 0.00693605 0.00559294 0.00846209 -0.00288702 -0.000691863 0.000184321 0.0110869 0.00747576 0.00351783 0.00528793 0.00316911 0.000537658 0.00124297 0.0112852 -0.000674154 0.0161688
internal_weight=100363 26610 73753 17867 27919 8743 3879 14722 23257 7926 2243 45834 3145 11213 1835 4662 6796 24932 8245 2327 1810 6138 3522 3641 2798 9378 8364 818 5300 5683
internal_count=100363 26610 73753 17867 27919 8743 3879 14722 23257 7926 2243 45834 3145 11213 1835 4662 6796 24932 8245 2327 1810 6138 3522 3641 2798 9378 8364 818 5300 5683
is_linear=0
shrinkage=0.05


Tree=13
num_leaves=31
num_cat=0
split_feature=3 3 3 4 4 1 1 1 0 0 4 6 4 1 0 5 0 7 4 7 0 5 5 4 5 4 3 1 0 0
split_gain=552.608 100.222 77.8941 75.0895 55.5679 54.068 31.5822 30.7282 55.6971 30.8628 25.8819 18.6564 16.6363 34.5619 23.6667 16.6249 16.4284 17.6121 13.4236 12.1274 12.516 12.0967 12.0888 15.2287 11.8898 11.3091 11.617 10.6882 10.385 10.2177
threshold=58.500000000000007 82.500000000000014 37.500000000000007 1011.5500000000001 1014.4500000000002 21.850000000000005 20.550000000000004 19.050000000000004 5.1500000000000012 13.65 1021.35 18.350000000000005 1024.2500000000002 20.850000000000005 8.5500000000000025 1012.4500000000002 26.050000000000004 27.450000000000003 1005.5500000000001 12.450000000000001 1.3500000000000003 1022.0500000000001 1016.6500000000002 1017.4500000000002 1012.85 1011.2500000000001 24.500000000000004 16.050000000000004 4.0500000000000007 10.950000000000001
decision_type=2 2 2 2 2 2 2 2 2 2 2 2 2 2 2 2 2 2 2 2 2 2 2 2 2 2 2 2 2 2
left_child=2 3 25 6 5 15 -2 8 19 -9 22 -11 13 14 21 18 17 -8 -4 20 -5 -6 23 24 -10 26 -1 -24 -3 -20
right_child=1 28 4 7 12 -7 16 9 10 11 -12 -13 -14 -15 -16 -17 -18 -19 29 -21 -22 -23 27 -25 -26 -27 -28 -29 -30 -31
leaf_value=-0.0052271595057503733 0.012957892132145732 0.002513668598083176 0.011196445818396582 -0.004833730975317853 -0.0020697500973566223 -0.0008520988832543216 0.0037241875826497456 -0.0033464364443204497 0.0041163699182683085 0.006927101567316369 0.0036884136871273114 0.0011436429360638495 -0.0044776466286261312 -0.0034779486737874471 0.0044409593417339783 0.013840991796896351 -0.0064026673324406149 0.010901839579854694 0.00082793728828849935 -0.0046665519671361955 0.0052595349539331804 0.0076936079596465262 0.016865792598663498 -0.0015220455379719941 0.012653739946611474 -0.0053992217323180353 -0.00020001083484918176 0.008760005611817813 0.01058939681396014 0.0087232935358770199
leaf_weight=2261 2382 423 690 466 4227 6350 2194 3496 693 1674 3872 8349 7856 11332 2895 699 264 1400 1420 1525 901 343 803 418 991 21941 2337 824 6761 576
leaf_count=2261 2382 423 690 466 4227 6350 2194 3496 693 1674 3872 8349 7856 11332 2895 699 264 1400 1420 1525 901 343 803 418 991 21941 2337 824 6761 576
internal_value=-5.19204e-06 0.00480503 -0.00286685 0.00354433 -0.00136452 0.0018685 0.0084309 0.00227446 0.00430469 0.000698654 0.00655168 0.00210957 -0.00254537 -0.0017378 0.000903771 0.00697214 0.00563586 0.00652016 0.0051846 -0.00160103 0.00181882 -0.00133696 0.00952474 0.00702012 0.00914044 -0.00492673 -0.00267204 0.0127606 0.0101139 0.00310636
internal_weight=100363 37436 62927 30252 36388 9735 6240 24012 10493 13519 7601 10023 26653 18797 7465 3385 3858 3594 2686 2892 1367 4570 3729 2102 1684 26539 4598 1627 7184 1996
internal_count=100363 37436 62927 30252 36388 9735 6240 24012 10493 13519 7601 10023 26653 18797 7465 3385 3858 3594 2686 2892 1367 4570 3729 2102 1684 26539 4598 1627 7184 1996
is_linear=0
shrinkage=0.05


Tree=14
num_leaves=31
num_cat=0
split_feature=3 3 3 4 4 1 1 0 0 4 1 1 0 4 1 0 1 4 5 5 6 0 0 7 4 5 7 0 0 4
split_gain=498.729 90.7186 70.5636 70.1556 44.1894 37.4388 31.7791 60.7881 32.1381 27.4048 18.9995 17.3998 25.8849 16.9585 36.5657 21.9979 15.2479 14.3749 13.0611 12.4385 12.0749 13.9182 10.7276 12.6982 9.98812 11.9372 9.17483 15.0798 8.4532 7.96257
threshold=58.500000000000007 83.500000000000014 40.500000000000007 1009.6500000000002 1013.2500000000001 21.950000000000003 17.650000000000002 5.1500000000000012 10.350000000000003 1025.4500000000003 21.050000000000004 21.350000000000005 14.550000000000002 1023.4500000000002 21.650000000000002 7.3500000000000005 18.250000000000004 1004.4500000000002 1022.0500000000001 1012.2500000000001 19.850000000000005 18.250000000000004 26.450000000000003 26.450000000000003 1024.1500000000003 1022.4500000000002 14.050000000000002 8.7500000000000018 4.0500000000000007 1004.0500000000001
decision_type=2 2 2 2 2 2 2 2 2 2 2 2 2 2 2 2 2 2 2 2 2 2 2 2 2 2 2 2 2 2
left_child=2 3 17 10 5 19 7 24 -8 26 -2 -10 -13 14 15 18 -17 -1 -6 29 -14 -22 23 -12 25 -5 -9 -28 -3 -4
right_child=1 28 4 6 13 -7 8 9 11 -11 22 12 20 -15 -16 16 -18 -19 -20 -21 21 -23 -24 -25 -26 -27 27 -29 -30 -31
leaf_value=0.0029050292607191151 0.013048992100260373 0.0026191426722693509 0.011658519202181309 0.0006793951242615525 -0.0022805610349582086 -0.00036489360123489274 -0.0045912570467120722 0.011961372637600552 0.0047994203767779964 0.0022580816426041018 0.0037114391604751401 -0.0045917867190573254 0.0059828768115016886 -0.0039255412970516353 -0.0031802388079175989 0.0080344392182795637 0.0016845401664930511 -0.0045993089200318518 0.013495197669215446 0.015406545033358567 -0.0021528318980932777 0.0025181183183618293 -0.0080789361637635306 0.011254329844086898 -0.0040369604377078613 0.019579417735673069 0.0017289710659829398 0.010501078329445131 0.010329915025089407 0.0042007150223527835
leaf_weight=652 1923 377 453 1363 3100 4352 2090 2293 4116 1676 1226 1748 1604 8206 9712 1444 2738 30032 137 396 2203 5777 122 1024 1442 89 756 1392 6215 1705
leaf_count=652 1923 377 453 1363 3100 4352 2090 2293 4116 1676 1226 1748 1604 8206 9712 1444 2738 30032 137 396 2203 5777 122 1024 1442 89 756 1392 6215 1705
internal_value=-4.9324e-06 0.00456478 -0.00272351 0.0034269 -0.00109015 0.00245533 0.00246778 0.00488113 0.00122781 0.00770583 0.00935559 0.00201508 0.00100376 -0.00205653 -0.00116125 0.00148175 0.00387709 -0.00443985 -0.00161288 0.00726097 0.00202431 0.00122863 0.00636131 0.00714429 -0.0010894 0.00183787 0.00976177 0.00741369 0.00988893 0.00576623
internal_weight=100363 37436 62927 30844 32243 6906 26549 9011 17538 6117 4295 15448 11332 25337 17131 7419 4182 30684 3237 2554 9584 7980 2372 2250 2894 1452 4441 2148 6592 2158
internal_count=100363 37436 62927 30844 32243 6906 26549 9011 17538 6117 4295 15448 11332 25337 17131 7419 4182 30684 3237 2554 9584 7980 2372 2250 2894 1452 4441 2148 6592 2158
is_linear=0
shrinkage=0.05


Tree=15
num_leaves=31
num_cat=0
split_feature=2 0 2 4 4 1 0 3 1 3 0 1 2 0 1 2 4 1 5 4 0 0 1 4 5 2 4 5 4 0
split_gain=520.937 215.447 113.94 72.9853 52.8002 43.1072 46.1957 38.5752 31.3794 30.8873 20.3439 33.6219 20.3814 20.2293 18.8801 17.5588 16.8041 15.3316 13.8346 18.081 12.9789 12.3568 27.3646 11.8914 12.558 11.7033 11.6091 13.6419 12.4347 11.545
threshold=82.500000000000014 6.9500000000000011 63.500000000000007 1011.2500000000001 1014.4500000000002 14.15 2.3500000000000001 55.500000000000007 20.350000000000005 54.500000000000007 11.450000000000001 18.750000000000004 90.500000000000014 25.250000000000004 17.050000000000004 90.500000000000014 1023.2500000000001 20.650000000000002 1010.85 1007.6500000000002 13.050000000000002 5.4500000000000011 20.050000000000004 1024.1500000000003 1021.4500000000002 73.500000000000014 1020.9500000000002 1016.1500000000002 1015.4500000000002 9.8500000000000032
decision_type=2 2 2 2 2 2 2 2 2 2 2 2 2 2 2 2 2 2 2 2 2 2 2 2 2 2 2 2 2 2
left_child=2 5 8 13 15 6 -2 17 -1 21 11 -9 -12 18 23 -3 -8 -6 19 -4 -16 -5 29 24 26 -22 27 28 -11 -23
right_child=1 4 3 9 7 -7 16 10 -10 14 12 -13 -14 -15 20 -17 -18 -19 -20 -21 25 22 -24 -25 -26 -27 -28 -29 -30 -31
leaf_value=-0.0010604391478702799 -0.0030011824796216413 0.010540691132322276 0.0083474154966118128 -0.0051948411864642195 0.0079414212286195527 -0.00335275223127708 0.011956822960139201 0.0088014586124278843 -0.0047136097221389638 0.0070652046260379605 0.0079377163027767369 -0.0027641783961478402 0.014748168940912909 -0.0040942364969314676 -0.0030697786847386902 0.015768202140590354 0.0026364908900428962 -0.0012279491619074092 0.014586116637260017 0.0024871431569380978 -0.0011442427873431841 0.0006782536160818396 -0.003131045732749567 -0.00019854077633639895 0.015292967235865563 0.0025491834870618154 -0.0040901643467978355 0.011222592933920751 -0.0047300096993887642 0.0082902200289608277
leaf_weight=7294 1435 3242 2299 3706 646 4803 1355 2733 30284 525 2272 816 2127 585 3444 3184 752 1549 404 3079 4646 1870 9460 1274 304 3984 336 727 389 679
leaf_count=7294 1435 3242 2299 3706 646 4803 1355 2733 30284 525 2272 816 2127 585 3444 3184 752 1549 404 3079 4646 1870 9460 1274 304 3984 336 727 389 679
internal_value=1.78764e-05 0.00628497 -0.00205598 -0.000114309 0.00958474 -0.000266726 0.00391797 0.00733814 -0.00400452 -0.0011057 0.00895856 0.00614224 0.0112307 0.00476618 0.000468193 0.0131309 0.00863034 0.00147064 0.00566264 0.00499231 -0.000474782 -0.00267098 -0.00189211 0.00367086 0.00583203 0.000560811 0.00437723 0.00611096 0.00204514 0.00270592
internal_weight=100203 24914 75289 37711 16569 8345 3542 10143 37578 31344 7948 3549 4399 6367 15629 6426 2107 2195 5782 5378 12074 15715 12009 3555 2281 8630 1977 1641 914 2549
internal_count=100203 24914 75289 37711 16569 8345 3542 10143 37578 31344 7948 3549 4399 6367 15629 6426 2107 2195 5782 5378 12074 15715 12009 3555 2281 8630 1977 1641 914 2549
is_linear=0
shrinkage=0.05


Tree=16
num_leaves=31
num_cat=0
split_feature=2 0 2 4 4 7 0 1 2 1 2 7 0 1 0 1 0 0 1 0 0 0 4 5 4 7 6 4 4 5
split_gain=471.235 200.578 87.7691 71.0836 56.1185 32.6287 31.013 81.3338 32.5041 28.3199 24.8585 24.4032 25.5533 24.4889 21.9771 20.3449 20.0991 19.3715 17.2224 26.4082 17.0491 15.9532 13.7034 13.644 15.8877 11.9992 17.0877 11.5422 9.90117 11.7969
threshold=80.500000000000014 5.5500000000000007 63.500000000000007 1014.4500000000002 1011.2500000000001 11.15 12.550000000000002 20.050000000000004 85.500000000000014 20.350000000000005 89.500000000000014 14.950000000000001 8.8500000000000032 21.550000000000004 4.6500000000000012 16.050000000000004 8.5500000000000025 1.1500000000000001 23.350000000000005 16.450000000000003 25.350000000000005 14.65 1026.2500000000002 1011.0500000000001 1007.6500000000002 15.15 24.550000000000004 1012.1500000000002 1028.0500000000002 1015.0500000000001
decision_type=2 2 2 2 2 2 2 2 2 2 2 2 2 2 2 2 2 2 2 2 2 2 2 2 2 2 2 2 2 2
left_child=2 5 9 10 20 17 7 15 -8 27 25 14 -13 -14 -6 22 -17 -2 -10 -20 23 -15 -5 24 -4 -3 -27 -1 29 -16
right_child=1 3 4 6 11 -7 8 -9 18 -11 -12 12 13 21 28 16 -18 -19 19 -21 -22 -23 -24 -25 -26 26 -28 -29 -30 -31
leaf_value=0.0031890160355421819 -0.0032815031007778178 0.014303092430788401 0.0077224767576313386 0.011883568648862385 -0.0027245357275380048 -0.0035634948531075503 0.0033611149304630539 -0.0045753850842428162 0.014803598225676624 -0.0044779292506458204 0.014574928013649558 -0.0046011457996455373 0.0022773305540380283 -0.0042649282462643807 -0.00020282604087963987 -0.00082051787978879107 0.0073139422521239427 0.009359302152214307 -0.0018472966617874562 0.012103847528826046 -0.0045622409227684402 -0.00069283971501593838 0.0042151671359973329 0.015010745591998843 0.0019737699405556371 0.0055877352697423187 0.0142640086765192 -0.0019501350795045804 -0.0021615603695338097 0.0084159570345107258
leaf_weight=1338 458 831 2072 2095 1366 5616 1871 2158 1863 30284 3797 6127 4620 4777 518 1298 1830 896 496 1073 507 9042 807 322 2862 2490 735 5956 398 1700
leaf_count=1338 458 831 2072 2095 1366 5616 1871 2158 1863 30284 3797 6127 4620 4777 518 1298 1830 896 496 1073 507 9042 807 322 2862 2490 735 5956 398 1700
internal_value=1.69826e-05 0.00548058 -0.0021349 0.00788544 -0.000306544 -0.00188373 0.00568397 0.0037547 0.00866282 -0.00380429 0.0116674 -0.00121508 -0.00180364 -0.000874069 0.00241588 0.00673585 0.00393845 0.00508346 0.0115531 0.00769354 0.00419405 -0.00192765 0.00975111 0.00503869 0.0043879 0.00894561 0.00756512 -0.00100742 0.00510006 0.00640309
internal_weight=100203 28314 71889 21344 34311 6970 13491 8188 5303 37578 7853 28548 24566 18439 3982 6030 3128 1354 3432 1569 5763 13819 2902 5256 4934 4056 3225 7294 2616 2218
internal_count=100203 28314 71889 21344 34311 6970 13491 8188 5303 37578 7853 28548 24566 18439 3982 6030 3128 1354 3432 1569 5763 13819 2902 5256 4934 4056 3225 7294 2616 2218
is_linear=0
shrinkage=0.05


Tree=17
num_leaves=31
num_cat=0
split_feature=2 4 2 3 1 4 4 6 2 3 2 2 5 4 5 4 5 4 5 4 5 7 7 4 4 5 4 3 7 6
split_gain=427.99 177.131 77.2291 67.3052 55.9028 34.7931 25.3775 22.5347 30.8617 19.9469 18.8419 15.5547 12.6995 17.1248 14.9337 13.5259 13.3617 16.3333 12.4263 12.3717 17.3749 11.3526 11.2375 10.7307 10.6946 9.9593 12.3721 9.88995 9.67339 9.37081
threshold=73.500000000000014 1017.5500000000001 87.500000000000014 60.500000000000007 21.250000000000004 1020.9500000000002 1009.1500000000002 10.250000000000002 85.500000000000014 47.500000000000007 55.500000000000007 56.500000000000007 1019.6500000000002 1012.85 1011.1500000000002 1007.0500000000001 1012.7500000000001 1015.9500000000002 1015.9500000000002 1021.85 1017.85 21.250000000000004 12.250000000000002 1010.2500000000001 1013.6500000000002 1016.0500000000001 1019.1500000000002 86.500000000000014 13.65 24.550000000000004
decision_type=2 2 2 2 2 2 2 2 2 2 2 2 2 2 2 2 2 2 2 2 2 2 2 2 2 2 2 2 2 2
left_child=4 2 6 19 5 10 -2 22 -9 -4 -1 -6 13 14 15 -12 -15 -18 29 20 -3 -22 -5 -11 -13 -19 -27 -10 -7 -8
right_child=1 3 9 7 11 28 18 8 27 23 12 24 -14 16 -16 -17 17 25 -20 -21 21 -23 -24 -25 -26 26 -28 -29 -30 -31
leaf_value=-0.0018393236134404589 0.0090737505475062558 -0.0021281859580745298 0.0022611773368343036 0.0032774980299632643 -0.0047256916890775665 0.002273275436720814 0.0021800618229183845 0.0019784745122073777 0.0070196871575609722 0.014796450537433479 0.0091185744553999703 -0.0010911763155061272 0.011973781245507936 -0.0057040620882627879 0.014567977184831682 0.00018545402231521648 0.0083831104375325753 -0.0039558035702263036 0.0099666085454378633 -0.0029863924141708786 0.0071828880651216764 -0.0022567762769927268 -0.0022627223981171447 0.010686888713668387 -0.003523785650098029 0.006670021423894279 -0.0020037214498135978 0.013166038731352338 -0.0033994748306060926 0.0066569490756904874
leaf_weight=2602 2735 2543 551 1790 20127 843 6503 3749 3054 2462 763 6467 387 674 431 953 774 954 693 7395 1140 442 1873 4477 14993 848 798 833 6924 1425
leaf_count=2602 2735 2543 551 1790 20127 843 6503 3749 3054 2462 763 6467 387 674 431 953 774 954 693 7395 1140 442 1873 4477 14993 848 798 833 6924 1425
internal_value=1.61334e-05 0.00388942 0.00747674 0.000926685 -0.00274072 -0.000320529 0.0048773 0.00366859 0.00521513 0.0114179 0.00176266 -0.00372719 0.0031866 0.00263767 0.00624733 0.00415747 0.000723162 0.00200708 0.00354599 -0.00176262 0.000431278 0.00454551 0.00044462 0.012145 -0.00279072 0.000108989 0.00246489 0.00833688 -0.00278378 0.00298475
internal_weight=100203 41665 18846 22819 58538 16951 11356 11299 7636 7490 9184 41587 6582 6195 2147 1716 4048 3374 8621 11520 4125 1582 3663 6939 21460 2600 1646 3887 7767 7928
internal_count=100203 41665 18846 22819 58538 16951 11356 11299 7636 7490 9184 41587 6582 6195 2147 1716 4048 3374 8621 11520 4125 1582 3663 6939 21460 2600 1646 3887 7767 7928
is_linear=0
shrinkage=0.05


Tree=18
num_leaves=31
num_cat=0
split_feature=2 0 2 3 7 0 0 7 1 0 0 7 2 1 2 7 0 0 0 6 3 1 1 0 6 0 1 3 1 0
split_gain=388.574 167.868 83.4693 49.8421 33.5127 43.5904 33.6016 26.959 26.1238 29.8079 25.3844 60.5093 29.1216 23.4097 19.3534 18.1241 18.6708 14.8779 13.3136 12.9092 12.7682 12.5382 11.9784 12.6089 10.9682 15.4944 10.4708 9.9713 9.37703 9.37289
threshold=82.500000000000014 5.5500000000000007 63.500000000000007 53.500000000000007 14.950000000000001 8.8500000000000032 5.6500000000000012 10.750000000000002 21.350000000000005 14.550000000000002 11.250000000000002 15.550000000000002 90.500000000000014 23.150000000000002 73.500000000000014 21.350000000000005 13.550000000000002 1.1500000000000001 8.5500000000000025 24.550000000000004 92.500000000000014 19.450000000000003 14.450000000000001 9.2500000000000018 25.050000000000004 25.350000000000005 16.250000000000004 60.500000000000007 11.750000000000002 3.3500000000000001
decision_type=2 2 2 2 2 2 2 2 2 2 2 2 2 2 2 2 2 2 2 2 2 2 2 2 2 2 2 2 2 2
left_child=2 7 13 15 6 -6 28 17 -7 -10 11 -5 19 22 -11 18 -17 -2 26 -12 -8 -13 -1 -24 -16 27 -3 -26 -4 -9
right_child=1 3 4 10 5 8 20 29 9 14 12 21 -14 -15 24 16 -18 -19 -20 -21 -22 -23 23 -25 25 -27 -28 -29 -30 -31
leaf_value=0.0047877800043749251 -0.0025074586272239687 0.013043097449609867 0.0062201594298874792 0.010173370443901089 -0.0042035467312415429 0.0032058828264745517 0.0072324253384955517 -0.0048028606587541545 -0.0036377072762203201 -0.00094598804530281872 0.0069311707605925954 0.0028996680534684989 0.013765199180651961 -0.0043242999217665296 0.0015153623469173908 -0.0055052904419398037 0.0044351362569994999 0.010166709183716668 0.011499596275929093 0.014923676974084005 -0.0076407790282704184 -0.0047926026073985759 -0.0038003080390245727 -0.00052532396408915992 0.0026709891123165618 -0.0032788063746232257 -0.0016974661633062452 0.012148012296262995 -0.0026575818426864354 -0.00052513154832998187
leaf_weight=678 353 156 352 4326 7081 5726 3251 3124 5798 7861 3873 1477 4234 25084 4000 1028 874 673 690 581 151 826 5487 6329 417 325 529 830 1919 2170
leaf_count=678 353 156 352 4326 7081 5726 3251 3124 5798 7861 3873 1477 4234 25084 4000 1028 874 673 690 581 151 826 5487 6329 417 325 529 830 1919 2170
internal_value=1.53267e-05 0.00542798 -0.00177578 0.00782077 -0.000113901 -0.000741113 0.00342825 -0.00161181 0.000241276 -0.00064143 0.00901815 0.0066879 0.0107961 -0.00344355 0.000651833 0.00222409 -0.000937502 0.0058061 0.00659744 0.00797375 0.00657227 0.000140738 -0.00167528 -0.00204613 0.00290605 0.00644468 0.00165951 0.00897887 -0.00128155 -0.00304943
internal_weight=100203 24914 75289 18594 37711 32038 5673 6320 24957 19231 15317 6629 8688 37578 13433 3277 1902 1026 1375 4454 3402 2303 12494 11816 5572 1572 685 1247 2271 5294
internal_count=100203 24914 75289 18594 37711 32038 5673 6320 24957 19231 15317 6629 8688 37578 13433 3277 1902 1026 1375 4454 3402 2303 12494 11816 5572 1572 685 1247 2271 5294
is_linear=0
shrinkage=0.05


Tree=19
num_leaves=31
num_cat=0
split_feature=2 0 2 4 4 7 3 0 1 3 7 0 0 1 1 0 0 1 7 0 1 2 0 6 2 4 1 4 4 4
split_gain=350.688 152.223 75.3311 52.7561 39.7362 37.7002 33.8087 23.5512 21.5044 19.7903 19.7526 23.4949 21.545 20.8023 18.4553 13.6263 13.4989 19.3971 12.3259 34.0351 12.7668 11.7525 11.5787 20.1066 12.1772 9.83245 9.58301 9.49414 8.45781 7.93083
threshold=82.500000000000014 6.9500000000000011 63.500000000000007 1012.4500000000002 1010.7500000000001 11.750000000000002 48.500000000000007 2.3500000000000001 20.350000000000005 85.500000000000014 14.950000000000001 9.8500000000000032 3.1500000000000008 21.350000000000005 21.050000000000004 14.350000000000003 3.3500000000000001 16.450000000000003 15.65 11.550000000000002 20.150000000000002 89.500000000000014 25.350000000000005 26.350000000000005 74.500000000000014 1024.7500000000002 23.250000000000004 1002.6500000000002 1028.0500000000002 1022.35
decision_type=2 2 2 2 2 2 2 2 2 2 2 2 2 2 2 2 2 2 2 2 2 2 2 2 2 2 2 2 2 2
left_child=2 5 8 14 -3 7 26 -2 27 18 12 -12 -5 -13 -4 -15 -7 -18 25 20 -20 -21 23 -16 -25 -8 -6 -1 -14 -9
right_child=1 4 3 10 6 16 9 29 -10 -11 11 13 28 15 22 -17 17 -19 19 21 -22 -23 -24 24 -26 -27 -28 -29 -30 -31
leaf_value=0.0085673256529113975 -0.0012872058907341139 0.012622715658847048 0.0069978275368951116 -0.0044004050543155577 0.005242967196717495 -0.0049732711365835514 0.01215067983337053 0.01221465083893024 -0.0038583789972150249 0.011663143057415828 -0.003867077059670774 0.0026186806706471771 0.0050311969100211486 -0.0039586526605718732 0.00070480567042815188 -0.00046590628752076553 0.0032592301060993091 -0.0041865692670958552 0.0030403965094958 0.0055360638132514479 -0.0050759565034280713 0.010433808554032106 -0.0043123726329131916 0.0041463790683115157 0.013684715551462227 0.0047499909767030196 -0.0032962439078894137 -0.0011802973992746607 -0.0016330978100108436 0.0039239265705160011
leaf_weight=259 816 3546 2512 1015 492 2705 1460 889 30284 2347 8049 3898 2815 4036 3647 9063 1844 1664 1433 2628 732 2294 671 899 533 648 989 7035 573 427
leaf_count=259 816 3546 2512 1015 492 2705 1460 889 30284 2347 8049 3898 2815 4036 3647 9063 1844 1664 1433 2628 732 2294 671 899 533 648 989 7035 573 427
internal_value=1.45604e-05 0.00515659 -0.00168699 -0.000108206 0.00793025 -0.000350527 0.00665255 0.00538648 -0.00327137 0.00756512 -0.00109876 -0.0016417 0.0019897 -0.000587869 0.00342253 -0.00154207 -0.00231919 -0.000272643 0.00651911 0.0055207 0.000296207 0.00781876 0.00186059 0.00267611 0.00769661 0.00987571 -0.00045945 -0.000834173 0.00390409 0.00952458
internal_weight=100203 24914 75289 37711 16569 8345 13023 2132 37578 11542 29449 25046 4403 16997 8262 13099 6213 3508 9195 7087 2165 4922 5750 5079 1432 2108 1481 7294 3388 1316
internal_count=100203 24914 75289 37711 16569 8345 13023 2132 37578 11542 29449 25046 4403 16997 8262 13099 6213 3508 9195 7087 2165 4922 5750 5079 1432 2108 1481 7294 3388 1316
is_linear=0
shrinkage=0.05


end of trees

feature_importances:
Pressure9am=142
MinTemp=122
MaxTemp=94
Humidity9am=72
Humidity3pm=65
Temp3pm=41
Pressure3pm=35
Temp9am=29

parameters:
[boosting: gbdt]
[objective: regression]
[metric: l1,l2]
[tree_learner: serial]
[device_type: cpu]
[data_sample_strategy: bagging]
[data: ]
[valid: ]
[num_iterations: 20]
[learning_rate: 0.05]
[num_leaves: 31]
[num_threads: 0]
[seed: 42]
[deterministic: 0]
[force_col_wise: 0]
[force_row_wise: 0]
[histogram_pool_size: -1]
[max_depth: -1]
[min_data_in_leaf: 20]
[min_sum_hessian_in_leaf: 0.001]
[bagging_fraction: 0.8]
[pos_bagging_fraction: 1]
[neg_bagging_fraction: 1]
[bagging_freq: 5]
[bagging_seed: 400]
[bagging_by_query: 0]
[feature_fraction: 0.9]
[feature_fraction_bynode: 1]
[feature_fraction_seed: 30056]
[extra_trees: 0]
[extra_seed: 12879]
[early_stopping_round: 0]
[early_stopping_min_delta: 0]
[first_metric_only: 0]
[max_delta_step: 0]
[lambda_l1: 0]
[lambda_l2: 0]
[linear_lambda: 0]
[min_gain_to_split: 0]
[drop_rate: 0.1]
[max_drop: 50]
[skip_drop: 0.5]
[xgboost_dart_mode: 0]
[uniform_drop: 0]
[drop_seed: 17869]
[top_rate: 0.2]
[other_rate: 0.1]
[min_data_per_group: 100]
[max_cat_threshold: 32]
[cat_l2: 10]
[cat_smooth: 10]
[max_cat_to_onehot: 4]
[top_k: 20]
[monotone_constraints: ]
[monotone_constraints_method: basic]
[monotone_penalty: 0]
[feature_contri: ]
[forcedsplits_filename: ]
[refit_decay_rate: 0.9]
[cegb_tradeoff: 1]
[cegb_penalty_split: 0]
[cegb_penalty_feature_lazy: ]
[cegb_penalty_feature_coupled: ]
[path_smooth: 0]
[interaction_constraints: ]
[verbosity: 0]
[saved_feature_importance_type: 0]
[use_quantized_grad: 0]
[num_grad_quant_bins: 4]
[quant_train_renew_leaf: 0]
[stochastic_rounding: 1]
[linear_tree: 0]
[max_bin: 255]
[max_bin_by_feature: ]
[min_data_in_bin: 3]
[bin_construct_sample_cnt: 200000]
[data_random_seed: 175]
[is_enable_sparse: 1]
[enable_bundle: 1]
[use_missing: 1]
[zero_as_missing: 0]
[feature_pre_filter: 1]
[pre_partition: 0]
[two_round: 0]
[header: 0]
[label_column: ]
[weight_column: ]
[group_column: ]
[ignore_column: ]
[categorical_feature: ]
[forcedbins_filename: ]
[precise_float_parser: 0]
[parser_config_file: ]
[objective_seed: 16083]
[num_class: 1]
[is_unbalance: 0]
[scale_pos_weight: 1]
[sigmoid: 1]
[boost_from_average: 1]
[reg_sqrt: 0]
[alpha: 0.9]
[fair_c: 1]
[poisson_max_delta_step: 0.7]
[tweedie_variance_power: 1.5]
[lambdarank_truncation_level: 30]
[lambdarank_norm: 1]
[label_gain: ]
[lambdarank_position_bias_regularization: 0]
[eval_at: ]
[multi_error_top_k: 1]
[auc_mu_weights: ]
[num_machines: 1]
[local_listen_port: 12400]
[time_out: 120]
[machine_list_filename: ]
[machines: ]
[gpu_platform_id: -1]
[gpu_device_id: -1]
[gpu_use_dp: 0]
[num_gpu: 1]

end of parameters

pandas_categorical:[]
